0 200704968
1 200808876
2 200809361
3 200811404
4 200901187
5 200902438
6 200902796
7 200903055
8 200903776
9 200904777
10 200906462
11 200906540
12 200907819
13 200908266
14 200908355
15 200908499
16 200909372
17 201000867
18 201000963
19 201001002
20 201001024
21 201001201
22 201001393
23 201001422
24 201001526
25 201001699
26 201001784
27 201001858
28 201002060
29 201002061
30 201002278
31 201002394
32 201002395
33 201003096
34 201003152
35 201003189
36 201003203
37 201003211
38 201003225
39 201004537
40 201005027
41 201005082
42 201006215
43 201007221
44 201007233
45 201007255
46 201007281
47 201007529
48 201007750
49 201100440
50 201100500
51 201100829
52 201206640
53 201208629
54 201400538
55 201401127
56 201401492
57 201402210
58 201403182
59 201405087
60 201405105
61 201405111
62 201500082
63 201500083
64 201500403
65 201501791
66 201503295
67 201503300
68 201503486
69 201504059
70 201505100
71 201600840
72 201700055
73 201701587
74 201701960
75 201704021
76 201803830
77 201803832
78 202002271
79 202002453
80 202002460
81 200904312
82 200904390
83 200904516
84 200904583
85 200904653
86 200904979
87 200904990
88 200905003
89 200905017
90 200905024
91 200905056
92 200905283
93 200905320
94 200905407
95 200905423
96 200906473
97 200906542
98 200906719
99 200906794
